2.25937
2.11246
1.85755
1.56475
1.3288
1.13916
0.988021
0.876789
0.792474
0.724894
0.66895
0.621927
0.582034
0.547958
0.51873
0.493612
0.472003
0.453382
0.437285
0.423302
0.411078
0.400313
0.390759
0.382214
0.374514
0.367525
0.36114
0.35527
0.349843
0.344798
0.340085
0.33566
0.331488
0.327539
0.323785
0.320205
0.316779
0.31349
0.310325
0.30727
0.304316
0.301452
0.298672
0.295968
0.293334
0.290765
0.288257
0.285805
0.283407
0.28106
0.27876
0.276506
0.274296
0.272127
0.269999
0.26791
0.265858
0.263843
0.261864
0.259919
0.258008
0.25613
0.254284
0.25247
0.250686
0.248932
0.247208
0.245513
0.243846
0.242207
0.240594
0.239009
0.237449
0.235915
0.234405
0.23292
0.231459
0.230021
0.228606
0.227214
0.225844
0.224495
0.223167
0.22186
0.220573
0.219306
0.218058
0.21683
0.21562
0.214429
0.213255
0.2121
0.210962
0.20984
0.208736
0.207647
0.206575
0.205519
0.204478
0.203453
0.202442
0.201446
0.200465
0.199497
0.198544
0.197604
0.196677
0.195764
0.194864
0.193976
0.193101
0.192238
0.191387
0.190548
0.18972
0.188904
0.188099
0.187306
0.186523
0.18575
0.184988
0.184236
0.183495
0.182763
0.182041
0.181329
0.180626
0.179932
0.179247
0.178572
0.177905
0.177246
0.176596
0.175955
0.175321
0.174696
0.174078
0.173469
0.172867
0.172272
0.171685
0.171105
0.170532
0.169966
0.169407
0.168855
0.168309
0.16777
0.167238
0.166712
0.166192
0.165678
0.16517
0.164668
0.164172
0.163682
0.163197
0.162718
0.162244
0.161776
0.161312
0.160855
0.160402
0.159954
0.159511
0.159074
0.15864
0.158212
0.157788
0.157369
0.156955
0.156545
0.156139
0.155737
0.15534
0.154947
0.154558
0.154173
0.153792
0.153415
0.153042
0.152673
0.152307
0.151945
0.151587
0.151232
0.150881
0.150534
0.15019
0.149849
0.149512
0.149178
0.148847
0.148519
0.148195
0.147873
0.147555
0.14724
0.146927
0.146618
9.9428
96.72
