2.19614
2.16841
2.14541
2.12249
2.09956
2.07801
2.05853
2.04077
2.02437
2.00931
1.99526
1.98156
1.96754
1.95284
1.9375
1.92186
1.90649
1.89197
1.87863
1.86649
1.8554
1.84513
1.83546
1.82622
1.81729
1.80859
1.80008
1.79172
1.7835
1.77543
1.7675
1.75969
1.75198
1.74437
1.73685
1.72942
1.72207
1.71481
1.70763
1.70053
1.6935
1.68654
1.67964
1.67281
1.66604
1.65934
1.65271
1.64614
1.63965
1.63323
1.62689
1.62064
1.61447
1.6084
1.60243
1.59656
1.5908
1.58516
1.57964
1.57423
1.56896
1.5638
1.55876
1.55385
1.54907
1.5444
1.53986
1.53543
1.53111
1.52689
1.52276
1.51869
1.51469
1.51073
1.50681
1.50292
1.49906
1.49523
1.49142
1.48763
1.48386
1.48012
1.4764
1.4727
1.46902
1.46537
1.46174
1.45814
1.45456
1.45101
1.44748
1.444
1.44054
1.43713
1.43377
1.43045
1.4272
1.424
1.42085
1.41776
1.41469
1.41165
1.40863
1.4052
1.41541
1.4132
1.40547
1.40042
1.3962
1.39235
1.38854
1.38489
1.38014
1.3785
1.38242
1.38253
1.37743
1.37153
1.37282
1.36607
1.36503
1.36788
1.3478
1.35877
1.35276
1.35539
1.35174
1.3432
1.34793
1.34724
1.33723
1.33447
1.33729
1.33527
1.32614
1.32317
1.33221
1.31817
1.32567
1.31859
1.32317
1.31093
1.30656
1.30753
1.32391
1.3014
1.2959
1.30334
1.2877
1.31065
1.28923
1.28752
1.29469
1.28541
1.28644
1.28933
1.2739
1.28083
1.28171
1.26689
1.26658
1.26353
1.2869
1.26509
1.2624
1.26174
1.26668
1.25759
1.25611
1.24815
1.2439
1.2645
1.25014
1.24603
1.23999
1.24745
1.24231
1.23558
1.22887
1.25159
1.22827
1.22375
1.22888
1.23014
1.22426
1.2272
1.21907
1.2306
1.20465
1.21598
1.21277
1.22187
1.20836
1.21068
1.19078
1.21676
1.20371
1.20603
1.19769
1.20558
