1.68485
0.65841
0.423303
0.355508
0.318581
0.291571
0.270342
0.25314
0.23886
0.226777
0.216395
0.207354
0.199394
0.192324
0.186001
0.180316
0.175183
0.170531
0.166306
0.162459
0.158952
0.155747
0.15281
0.150113
0.147627
0.145329
0.143199
0.141218
0.139372
0.137647
0.136033
0.134517
0.133093
0.131751
0.130486
0.12929
0.128159
0.127088
0.126071
0.125105
0.124188
0.123314
0.122481
0.121687
0.120928
0.120203
0.11951
0.118846
0.11821
0.1176
0.117014
0.116451
0.11591
0.11539
0.114889
0.114406
0.113941
0.113493
0.11306
0.112642
0.112238
0.111848
0.111471
0.111106
0.110753
0.110411
0.11008
0.109758
0.109447
0.109145
0.108852
0.108567
0.108291
0.108022
0.107761
0.107508
0.107261
0.107021
0.106787
0.10656
0.106338
0.106123
0.105912
0.105707
0.105508
0.105313
0.105122
0.104937
0.104756
0.104579
0.104406
0.104237
0.104072
0.103911
0.103754
0.103599
0.103449
0.103301
0.103157
0.103016
0.102878
0.102742
0.10261
0.10248
0.102353
0.102228
0.102106
0.101986
0.101869
0.101754
0.101641
0.10153
0.101421
0.101315
0.10121
0.101107
0.101006
0.100907
0.10081
0.100714
0.10062
0.100528
0.100437
0.100348
0.100261
0.100175
0.10009
0.100007
0.0999247
0.0998442
0.0997649
0.0996869
0.0996101
0.0995346
0.0994602
0.099387
0.0993149
0.0992439
0.099174
0.0991051
0.0990373
0.0989704
0.0989046
0.0988397
0.0987757
0.0987126
0.0986505
0.0985892
0.0985287
0.0984692
0.0984104
0.0983524
0.0982952
0.0982388
0.0981831
0.0981281
0.0980739
0.0980204
0.0979676
0.0979154
0.0978639
0.097813
0.0977628
0.0977132
0.0976642
0.0976158
0.097568
0.0975208
0.0974741
0.097428
0.0973824
0.0973373
0.0972928
0.0972488
0.0972052
0.0971622
0.0971196
0.0970775
0.0970359
0.0969947
0.096954
0.0969137
0.0968738
0.0968343
0.0967953
0.0967567
0.0967184
0.0966806
0.0966431
0.096606
0.0965693
0.0965329
0.0964969
0.0964613
0.096426
0.096391
0.0963564
0.096322
0.096288
0.0962544
9.15 
97.97
