1.82534
0.697288
0.445974
0.369139
0.32919
0.300265
0.27712
0.258112
0.242509
0.229616
0.218794
0.209577
0.201646
0.194762
0.18874
0.183434
0.178723
0.174507
0.170698
0.16722
0.164017
0.161049
0.158293
0.155736
0.153366
0.151167
0.149123
0.147218
0.145435
0.143761
0.142183
0.140693
0.139282
0.137944
0.136674
0.135466
0.134317
0.133224
0.132183
0.131193
0.130251
0.129355
0.128502
0.127691
0.126915
0.126172
0.125454
0.124753
0.124061
0.123367
0.122661
0.121935
0.121185
0.12041
0.119617
0.118817
0.118023
0.117249
0.116504
0.115793
0.11512
0.114484
0.113884
0.113316
0.112779
0.112271
0.111788
0.111328
0.11089
0.110472
0.110073
0.10969
0.109323
0.108971
0.108632
0.108306
0.107992
0.10769
0.107398
0.107116
0.106843
0.106579
0.106324
0.106077
0.105837
0.105604
0.105379
0.10516
0.104947
0.104741
0.10454
0.104344
0.104154
0.103969
0.103789
0.103613
0.103442
0.103275
0.103113
0.102954
0.102799
0.102648
0.1025
0.102355
0.102214
0.102077
0.101942
0.10181
0.101681
0.101554
0.101431
0.10131
0.101191
0.101075
0.100961
0.10085
0.10074
0.100633
0.100528
0.100425
0.100323
0.100224
0.100127
0.100031
0.0999371
0.0998449
0.0997544
0.0996655
0.0995782
0.0994925
0.0994082
0.0993254
0.099244
0.0991641
0.0990854
0.0990081
0.098932
0.0988572
0.0987835
0.0987111
0.0986397
0.0985695
0.0985004
0.0984323
0.0983652
0.0982992
0.0982341
0.0981699
0.0981067
0.0980444
0.097983
0.0979224
0.0978626
0.0978037
0.0977456
0.0976882
0.0976317
0.0975758
0.0975207
0.0974663
0.0974126
0.0973595
0.0973072
0.0972555
0.0972044
0.0971539
0.097104
0.0970548
0.0970061
0.096958
0.0969104
0.0968634
0.0968169
0.0967709
0.0967255
0.0966805
0.096636
0.0965921
0.0965485
0.0965055
0.0964629
0.0964207
0.096379
0.0963377
0.0962968
0.0962564
0.0962163
0.0961766
0.0961373
0.0960984
0.0960598
0.0960217
0.0959838
0.0959464
0.0959092
0.0958724
0.095836
0.0957998
0.095764
0.0957285
97.9
8.9759
