2.20304
2.17478
2.15119
2.12785
2.10446
2.08195
2.06135
2.04287
2.02625
2.01106
1.99675
1.98276
1.96868
1.95429
1.93973
1.92533
1.91152
1.89855
1.88652
1.8754
1.86501
1.85518
1.84573
1.83656
1.82758
1.81875
1.81002
1.80138
1.79282
1.78435
1.77595
1.76761
1.75931
1.75103
1.74275
1.73449
1.72625
1.71806
1.70992
1.70185
1.69388
1.68603
1.67833
1.67081
1.66346
1.6563
1.6493
1.64247
1.63581
1.62931
1.62297
1.61679
1.61077
1.60492
1.59921
1.59367
1.58828
1.58305
1.57796
1.57303
1.56825
1.56363
1.55915
1.55484
1.55066
1.54661
1.54267
1.5388
1.53498
1.53119
1.52742
1.52367
1.51991
1.51617
1.51243
1.5087
1.50498
1.50128
1.4976
1.49394
1.4903
1.48669
1.4831
1.47954
1.47601
1.47252
1.46905
1.46562
1.46222
1.45885
1.45552
1.45222
1.44896
1.44572
1.44252
1.43935
1.4362
1.43308
1.43
1.42693
1.4239
1.42089
1.41791
1.41497
1.41207
1.40924
1.4065
1.40388
1.40138
1.39888
1.39604
1.39404
1.40268
1.3963
1.39611
1.38643
1.38772
1.37654
1.3851
1.3764
1.37801
1.38071
1.37468
1.37044
1.36208
1.36871
1.36669
1.35943
1.35481
1.3604
1.35555
1.34786
1.34572
1.35523
1.34282
1.34132
1.34135
1.34022
1.33825
1.33023
1.33845
1.32854
1.32237
1.33388
1.31817
1.31759
1.32977
1.31761
1.29731
1.32781
1.31541
1.30831
1.3068
1.30703
1.30409
1.29638
1.30316
1.29838
1.29446
1.29748
1.29133
1.28202
1.29285
1.27864
1.29167
1.28557
1.28324
1.27215
1.27413
1.26592
1.2763
1.27216
1.2686
1.26599
1.26863
1.25722
1.2578
1.26003
1.25935
1.25113
1.25563
1.24571
1.25973
1.24379
1.25002
1.25091
1.24088
1.24164
1.23481
1.24073
1.21784
1.24055
1.24031
1.2128
1.23993
1.23209
1.22715
1.2239
1.22285
1.20063
1.22102
1.20824
1.22273
1.21361
1.20723
1.21801
1.20515
1.20962
1.19247
1.21098
1.19844
1.1997
1.19071
1.1999
1.19442
1.19653
1.18805
1.19342
1.1863
1.18058
1.18501
1.18319
1.18565
1.19169
1.1743
1.17265
1.18136
1.1699
1.16514
1.16328
1.18417
1.15831
1.16236
1.17015
1.17108
1.15347
1.15215
1.15676
1.16384
1.1508
1.15905
1.14515
1.15383
1.14533
1.14142
1.15398
1.13339
1.15428
1.13447
1.1394
1.14732
1.12569
1.1363
1.13685
1.127
1.12571
1.13521
1.11816
1.13307
1.11665
1.13273
1.11722
1.12746
1.11402
1.10824
1.10206
1.12914
1.11254
1.11301
1.12722
1.0959
1.10314
1.11342
1.10186
1.09514
1.1089
1.09492
1.0725
1.11423
1.09136
1.10835
1.08621
1.09576
1.0932
1.09654
1.08865
1.09291
1.0776
1.08746
1.07704
1.07848
1.08444
1.06783
1.09113
1.08128
1.06643
1.05815
1.08096
1.07208
1.09122
1.0483
1.07414
1.06704
1.06956
1.04726
1.07641
1.061
1.04484
1.07458
1.0547
1.04187
1.05696
1.04783
1.06589
1.05127
1.04941
1.03275
1.07088
1.03127
1.02956
1.06193
1.03503
1.05866
1.03069
1.03768
1.0443
1.02902
1.04253
1.0228
1.04801
1.0218
1.02746
1.01945
1.0401
1.02802
1.02748
1.01974
1.0314
1.01028
1.03316
1.01172
1.01404
1.01337
1.01569
1.02659
1.00736
1.00614
1.00089
1.03975
1.00059
1.00519
1.028
0.993773
1.00816
0.983287
1.00202
1.00828
0.994224
1.01503
0.990024
0.993568
0.995578
0.998054
0.978531
0.991217
0.990274
0.988217
0.976627
0.991932
0.991175
0.980792
0.980979
0.97614
1.00151
0.986693
0.963065
0.974467
0.973098
0.962872
0.96222
1.00753
0.969654
0.974964
0.96244
0.961001
0.960255
0.982436
0.965007
0.979133
0.967339
0.971095
0.945203
0.962591
0.946895
0.939611
0.980365
0.955664
0.956505
0.954303
0.964817
0.949461
0.948929
0.96328
0.930677
0.939539
0.950102
0.931032
0.970565
0.932179
0.938006
0.955756
0.944209
0.932017
0.936864
0.93266
0.931723
0.95302
0.942871
0.934595
0.953152
0.912327
0.933577
0.940601
0.942232
0.916421
0.916191
0.932894
0.932887
0.920935
0.906495
0.919371
0.913495
0.915887
0.938598
0.943487
0.892214
0.912374
0.927583
0.946514
0.910248
0.885303
0.894234
0.934423
0.909376
0.923988
0.897718
0.900345
0.921893
0.89779
0.885779
0.899849
0.923456
0.909553
0.907642
0.891662
0.916717
0.881978
0.889874
0.887658
0.934657
0.890738
0.905381
0.885113
0.893279
0.892218
0.888967
0.882956
0.894323
0.87236
0.899595
0.908343
0.86925
0.881086
0.897774
0.86105
0.905575
0.866784
0.872202
0.851529
0.889201
0.884984
0.892443
0.912784
0.854232
0.851135
0.863813
0.889169
0.897735
0.858252
0.89008
0.852397
0.855795
0.890855
0.847289
0.899709
0.875358
0.8607
0.837469
0.8928
0.876837
