2.27197
2.15012
1.90622
1.58173
1.29181
1.07488
0.915824
0.799698
0.71267
0.645952
0.59412
0.553388
0.520934
0.494665
0.473043
0.45495
0.439569
0.426303
0.414708
0.404452
0.395285
0.387014
0.37949
0.372592
0.366226
0.360315
0.354795
0.349613
0.344725
0.340095
0.335691
0.331487
0.32746
0.323593
0.31987
0.316276
0.3128
0.309432
0.306164
0.302988
0.299899
0.29689
0.293957
0.291096
0.288304
0.285577
0.282913
0.28031
0.277764
0.275275
0.272841
0.27046
0.268131
0.265852
0.263622
0.26144
0.259305
0.257216
0.255171
0.253169
0.251211
0.249293
0.247416
0.245578
0.243779
0.242017
0.240291
0.238601
0.236945
0.235322
0.233732
0.232174
0.230646
0.229148
0.22768
0.226239
0.224826
0.223439
0.222078
0.220742
0.21943
0.218142
0.216876
0.215633
0.214412
0.213211
0.212031
0.21087
0.209729
0.208606
0.207501
0.206414
0.205345
0.204292
0.203255
0.202234
0.201229
0.200238
0.199263
0.198301
0.197354
0.19642
0.1955
0.194592
0.193698
0.192815
0.191945
0.191087
0.19024
0.189405
0.188581
0.187768
0.186965
0.186174
0.185392
0.18462
0.183859
0.183107
0.182364
0.181631
0.180908
0.180193
0.179487
0.17879
0.178101
0.177421
0.176749
0.176085
0.17543
0.174782
0.174142
0.173509
0.172885
0.172267
0.171657
0.171054
0.170458
0.169869
0.169287
0.168711
0.168142
0.16758
0.167024
0.166475
0.165931
0.165394
0.164863
0.164338
0.163819
0.163305
0.162798
0.162296
0.161799
0.161308
0.160822
0.160342
0.159867
0.159397
0.158932
0.158472
0.158017
0.157567
0.157122
0.156681
0.156245
0.155814
0.155387
0.154965
0.154547
0.154134
0.153725
0.15332
0.152919
0.152522
0.15213
0.151741
0.151357
0.150976
0.150599
0.150226
0.149857
0.149491
0.149129
0.148771
0.148416
0.148065
0.147717
0.147372
0.147031
0.146693
0.146359
0.146028
0.145699
0.145375
0.145053
0.144734
0.144418
0.144105
0.143795
0.143488
96.78
9.1973
