2.1573
2.01947
1.91963
1.83158
1.77143
1.72262
1.68066
1.64329
1.60987
1.57993
1.55353
1.52969
1.50732
1.48692
1.46825
1.45048
1.43371
1.41808
1.40312
1.38839
1.37409
1.36049
1.3477
1.33556
1.32381
1.31237
1.30135
1.29093
1.28142
1.27361
1.2709
1.28
1.27922
1.28028
1.28047
1.26842
1.25004
1.23379
1.21836
1.20388
1.19166
1.18117
1.17173
1.16304
1.15497
1.14741
1.14033
1.13378
1.12773
1.12204
1.11702
1.11304
1.11046
1.10898
1.11017
1.11696
1.13371
1.18786
1.28122
1.24666
1.21295
1.19083
1.18206
1.17288
1.16343
1.14989
1.13445
1.12097
1.10991
1.10074
1.09376
1.08926
1.08819
1.09239
1.10692
1.12927
1.13741
1.14554
1.14862
1.16738
1.17334
1.15272
1.13793
1.13287
1.1409
1.13327
1.11207
1.0884
1.06597
1.04374
1.02479
1.01107
1.00034
0.991378
0.983728
0.977119
0.971366
0.966347
0.961989
0.958246
0.955088
0.952496
0.950476
0.949083
0.948435
0.94872
0.950078
0.952947
0.957687
0.96445
0.973498
0.986362
1.02333
1.08613
1.07904
1.04125
1.02337
1.02251
1.04287
1.06891
1.06687
1.06002
1.05608
1.05215
1.04939
1.06007
1.09282
1.13173
1.14268
1.11642
1.1011
1.09653
1.09495
1.0856
1.06865
1.05022
1.03371
1.02138
1.01251
1.00733
1.00494
1.00224
1.00463
1.00986
1.01832
1.01367
1.0038
1.00498
1.00044
0.997059
0.997083
0.995782
0.997061
0.992389
0.989444
0.986504
0.989075
0.998355
1.0188
1.05368
1.06565
1.07397
1.07824
1.09306
1.10849
1.1056
1.08974
1.08227
1.09368
1.09121
1.06235
1.03018
1.00829
0.994335
0.987248
0.980659
0.974265
0.969553
0.966464
0.965387
0.966399
0.968927
0.976005
0.98577
0.997558
1.01502
1.03293
1.04531
1.04953
1.052
1.05426
1.07009
1.10275
1.13334
1.15996
1.14314
1.11426
1.09197
1.06909
1.04645
